IMG_001.jpg_1_1,335,78,255,88,198,90,92,125,418,210,388,395,312,405,172,408,252,410
IMG_001.jpg_2_1,168,158,340,160,410,170,152,282,415,318,152,338,405,368,145,420,275,422,315,430,395,440
IMG_001.jpg_3_1,222,102,352,102,295,105,122,128,422,315,158,400,380,408,310,410,252,412
IMG_001.jpg_4_1,245,88,302,92,372,92,145,102,355,240,105,330,148,405,242,432,378,432,308,435
IMG_001.jpg_5_1,220,120,432,182,175,252,445,285,170,340,182,450,428,452
IMG_001.jpg_6_1,210,80,272,88,135,90,365,108,428,178,428,270,390,410,162,422,218,425,285,432
IMG_001.jpg_7_1,260,102,182,150,430,150,312,155,170,160,168,168,175,228,435,248,160,310,442,330,438,448,188,450,335,508
IMG_001.jpg_1_2,250,92,308,100,365,102,150,112,440,232,158,252,102,325,150,400,250,420,390,422,310,425
IMG_001.jpg_2_2,362,108,295,155,345,158,195,160,405,170,185,290,430,310,178,370,435,380,175,428,285,452,338,458,420,468
IMG_001.jpg_3_2,238,85,300,92,115,98,378,108,88,232,398,320,92,322,152,400,220,408,282,415,345,422
IMG_001.jpg_4_2,318,150,278,152,408,158,162,162,152,278,430,310,160,350,418,372,402,438,165,440,290,442,330,445
IMG_001.jpg_5_2,240,98,298,102,358,102,128,112,368,300,148,395,252,422,312,422,392,422
IMG_001.jpg_6_2,415,145,308,152,255,160,155,175,158,270,435,278,165,338,435,342,178,432,270,435,312,438,405,458
IMG_001.jpg_7_2,215,80,142,82,270,95,350,115,358,218,80,228,152,278,120,400,378,408,200,418,258,418
IMG_001.jpg_1_3,248,90,308,92,362,100,142,105,90,210,138,220,435,220,92,298,142,392,242,412,385,415,308,422
IMG_001.jpg_2_3,310,98,410,140,300,152,158,180,162,272,428,280,168,338,435,355,175,435,310,438,408,462
IMG_001.jpg_3_3,142,78,218,82,280,88,358,112,425,212,412,302,132,405,372,405,208,415,272,422
IMG_001.jpg_4_3,422,145,248,158,305,158,158,160,160,248,430,288,152,312,418,352,155,415,385,470
IMG_001.jpg_5_3,135,78,195,85,258,85,342,105,378,398,135,410,212,415
IMG_001.jpg_6_3,425,145,178,152,175,218,155,302,450,325,438,442,272,450,190,452,322,452
IMG_001.jpg_7_3,172,122,288,132,395,145,85,205,408,232,168,300,395,415,215,422,152,425,285,425
IMG_001.jpg_1_4,135,75,202,78,262,90,355,102,412,178,148,198,402,280,355,395,140,405,182,408
IMG_001.jpg_2_4,320,95,172,178,392,188,178,292,410,292,410,345,172,355,175,428,332,428,412,428
IMG_001.jpg_3_4,228,138,128,142,308,152,405,155,445,238,85,242,138,250,85,315,378,378,312,385,155,388,238,388
IMG_001.jpg_4_4,410,150,330,152,262,158,152,178,120,252,155,342,472,345,328,402,385,402,270,412,165,415
IMG_001.jpg_5_4,188,155,338,160,425,172,182,250,428,285,165,310,400,350,202,358,135,400,255,418,388,435
IMG_001.jpg_6_4,260,92,192,155,400,198,190,272,405,298,170,325,392,350,162,408,262,412,390,428
IMG_001.jpg_7_4,138,155,320,160,418,178,410,272,150,305,398,325,158,392,232,398,382,400
IMG_001.jpg_1_5,232,90,350,92,280,98,118,128,238,158,248,165,428,198,422,208,360,215,120,220,135,228,145,232,385,402,310,410,178,412,250,412
IMG_001.jpg_2_5,210,145,230,148,385,155,158,158,458,220,145,235,392,235,400,285,142,295,205,342,135,385,410,395
IMG_001.jpg_3_5,335,92,185,145,418,172,398,175,180,215,408,248,175,272,395,300,172,380,245,415,382,430
IMG_001.jpg_4_5,292,80,415,152,130,165,182,165,190,170,122,225,420,230,120,282,415,298,235,395,132,398,400,405,212,420
IMG_001.jpg_5_5,288,125,358,128,142,130,410,165,375,182,92,198,82,208,132,208,252,212,242,218,138,272,402,368,125,385,215,390
IMG_001.jpg_6_5,408,140,302,158,160,172,438,285,165,288,428,342,160,348,380,365,262,435,175,440,420,462
IMG_001.jpg_7_5,122,82,260,82,82,215,345,215,148,288,372,400,135,410,198,422
